[9, 11, 15, 20, 26]
[3, 8, 8, 11, 15]
[1, 2, 2, 15, 23]
[4, 9, 12, 17, 21]
[1, 1, 6, 27, 27]
[10, 12, 21, 23, 24]
[18, 23, 24, 25, 26]
[1, 20, 24, 25, 26]
[10, 10, 20, 26, 27]
[2, 7, 17, 17, 27]
[1, 3, 3, 5, 25]
[5, 12, 15, 25, 27]
[1, 2, 5, 9, 27]
[4, 5, 8, 15, 26]
[14, 15, 16, 22, 28]
[2, 4, 16, 26, 28]
[6, 7, 8, 24, 27]
[1, 7, 14, 15, 28]
[4, 14, 15, 24, 28]
[10, 15, 23, 24, 28]
[3, 11, 16, 19, 19]
[8, 9, 14, 24, 25]
[6, 9, 13, 17, 21]
[5, 9, 16, 17, 27]
[4, 5, 24, 26, 26]
[7, 13, 20, 24, 24]
[12, 18, 19, 26, 28]
[5, 6, 6, 17, 28]
[11, 20, 21, 26, 28]
[1, 14, 17, 20, 24]
[9, 16, 18, 21, 22]
[12, 13, 18, 22, 27]
[1, 2, 8, 12, 20]
[10, 21, 26, 27, 28]
[5, 15, 19, 23, 23]
[3, 9, 13, 15, 22]
[7, 8, 18, 22, 22]
[15, 18, 26, 26, 27]
[4, 13, 13, 14, 27]
[11, 13, 20, 25, 26]
[6, 9, 12, 18, 28]
[2, 5, 12, 18, 26]
[11, 17, 19, 24, 24]
[5, 5, 11, 18, 20]
[8, 10, 23, 26, 26]
[2, 5, 12, 16, 23]
[6, 8, 11, 12, 14]
[1, 7, 10, 20, 28]
[6, 11, 13, 26, 27]
[3, 5, 20, 26, 28]
[8, 15, 15, 20, 27]
[15, 17, 21, 24, 25]
[1, 6, 6, 8, 26]
[6, 11, 15, 16, 24]
[7, 9, 17, 17, 19]
[10, 13, 17, 19, 24]
[7, 8, 13, 20, 28]
[14, 14, 16, 23, 24]
[2, 3, 3, 27, 27]
[10, 16, 21, 28, 28]
[3, 6, 21, 22, 28]
[1, 6, 10, 23, 24]
[8, 14, 16, 18, 18]
[13, 18, 19, 26, 28]
[9, 12, 21, 25, 27]
[10, 14, 16, 18, 26]
[3, 5, 12, 16, 23]
[4, 11, 15, 18, 28]
[12, 14, 15, 15, 18]
[13, 21, 22, 24, 25]
[7, 13, 18, 18, 28]
[4, 6, 6, 18, 25]
[1, 2, 3, 4, 27]
[1, 8, 15, 18, 22]
[4, 7, 9, 21, 27]
[19, 25, 25, 26, 28]
[6, 16, 17, 17, 23]
[13, 13, 17, 19, 20]
[2, 3, 7, 9, 18]
[2, 16, 17, 17, 27]
[2, 13, 14, 20, 24]
[2, 3, 11, 23, 26]
[4, 5, 19, 22, 24]
[6, 11, 17, 18, 20]
[1, 3, 6, 6, 16]
[4, 19, 22, 26, 26]
[2, 4, 12, 14, 28]
[3, 12, 14, 19, 23]
[1, 14, 16, 18, 21]
[1, 16, 16, 28, 28]
[2, 15, 15, 25, 28]
[2, 5, 8, 11, 17]
[6, 6, 7, 10, 26]
[5, 7, 19, 20, 26]
[5, 9, 10, 14, 16]
[6, 19, 22, 25, 28]
[9, 10, 15, 17, 19]
[1, 2, 5, 5, 19]
[13, 15, 20, 21, 22]
[6, 7, 19, 21, 24]
[7, 19, 21, 23, 26]
[4, 12, 14, 20, 22]
[4, 5, 9, 12, 22]
[1, 6, 18, 21, 25]
[7, 13, 16, 26, 27]
[10, 17, 20, 20, 28]
[9, 18, 20, 22, 24]
[4, 13, 14, 16, 25]
[5, 15, 16, 22, 27]
[17, 18, 18, 20, 27]
[5, 5, 8, 9, 23]
[1, 3, 10, 13, 27]
[2, 2, 10, 22, 22]
[1, 7, 13, 14, 16]
[3, 3, 7, 12, 13]
[3, 6, 24, 25, 26]
[5, 5, 18, 28, 28]
[9, 13, 15, 16, 24]
[9, 18, 21, 27, 28]
[2, 4, 11, 13, 24]
[6, 9, 9, 11, 14]
[5, 12, 15, 20, 21]
[3, 3, 5, 11, 24]
[10, 13, 20, 23, 23]
[13, 16, 17, 17, 25]
[3, 11, 13, 23, 24]
[2, 5, 16, 24, 28]
[1, 13, 27, 28, 28]
[2, 13, 24, 26, 26]
[8, 12, 17, 26, 27]
[4, 9, 9, 24, 26]
[6, 20, 20, 25, 27]
[6, 7, 14, 22, 25]
[8, 8, 13, 24, 25]
[3, 12, 16, 19, 28]
[4, 6, 10, 18, 19]
[3, 4, 9, 10, 13]
[1, 5, 6, 15, 24]
[3, 6, 11, 25, 26]
[4, 11, 16, 18, 19]
[8, 11, 18, 21, 27]
[9, 13, 15, 15, 21]
[2, 3, 14, 14, 28]
[5, 17, 24, 26, 28]
[11, 11, 17, 26, 28]
[12, 13, 20, 22, 24]
[2, 3, 11, 13, 27]
[2, 19, 21, 26, 28]
[3, 5, 6, 7, 15]
[5, 11, 17, 27, 28]
[1, 2, 3, 12, 18]
[2, 4, 11, 16, 20]
[17, 17, 20, 21, 22]
[1, 5, 9, 10, 15]
[9, 12, 17, 17, 21]
[1, 2, 27, 27, 28]
[4, 6, 20, 23, 23]
[15, 17, 18, 24, 27]
[2, 3, 6, 12, 21]
[5, 5, 8, 14, 27]
[2, 6, 14, 17, 24]
[3, 8, 12, 19, 26]
[1, 2, 7, 19, 22]
[4, 16, 17, 22, 27]
[5, 6, 12, 12, 20]
[3, 19, 22, 23, 27]
[7, 17, 18, 27, 28]
[5, 6, 7, 25, 28]
[6, 15, 20, 21, 23]
[6, 7, 19, 26, 28]
[6, 9, 23, 25, 27]
[8, 9, 13, 18, 23]
[11, 12, 15, 16, 22]
[2, 7, 9, 14, 24]
[1, 5, 15, 19, 27]
[6, 8, 18, 24, 27]
[6, 12, 19, 22, 23]
[1, 7, 14, 18, 19]
[3, 12, 17, 24, 24]
[3, 17, 18, 20, 28]
[5, 6, 7, 23, 25]
[7, 8, 19, 25, 28]
[4, 10, 23, 27, 28]
[11, 15, 15, 20, 25]
[7, 12, 17, 27, 27]
[4, 8, 18, 19, 22]
[2, 4, 17, 21, 23]
[9, 9, 14, 15, 25]
[5, 11, 11, 15, 25]
[2, 8, 16, 20, 23]
[3, 7, 14, 17, 28]
[7, 9, 11, 13, 22]
[1, 8, 15, 20, 27]
[4, 7, 17, 18, 26]
[9, 12, 20, 20, 27]
[5, 8, 22, 23, 26]
[7, 9, 17, 23, 28]
[3, 14, 15, 20, 26]
[3, 11, 18, 25, 27]
[2, 24, 27, 27, 28]
[3, 5, 6, 9, 11]
[2, 10, 20, 25, 27]
[7, 9, 12, 20, 20]
[1, 4, 10, 21, 27]
[2, 7, 23, 24, 26]
[2, 3, 9, 10, 10]
[1, 17, 25, 26, 27]
[3, 4, 5, 7, 9]
[9, 15, 21, 23, 24]
[4, 14, 19, 19, 22]
[1, 9, 11, 15, 27]
[3, 14, 19, 20, 20]
[2, 11, 14, 19, 28]
[2, 8, 16, 17, 23]
[4, 13, 22, 27, 28]
[4, 17, 18, 19, 24]
[2, 13, 15, 17, 23]
[1, 12, 14, 23, 25]
[4, 4, 11, 17, 28]
[13, 21, 24, 27, 28]
[6, 16, 20, 23, 26]
[11, 12, 21, 24, 25]
[3, 11, 17, 23, 25]
[8, 8, 9, 13, 27]
[4, 7, 21, 28, 28]
[4, 5, 24, 25, 27]
[9, 9, 15, 19, 26]
[2, 3, 15, 16, 24]
[2, 5, 17, 19, 23]
[3, 8, 10, 14, 21]
[3, 5, 7, 9, 28]
[9, 13, 20, 24, 25]
[1, 14, 15, 20, 24]
[2, 2, 5, 17, 23]
[1, 3, 3, 9, 11]
[15, 20, 20, 20, 22]
[8, 17, 20, 21, 25]
[13, 18, 26, 26, 27]
[8, 14, 20, 20, 22]
[4, 18, 22, 24, 28]
[3, 8, 18, 23, 24]
[5, 7, 15, 16, 25]
[1, 17, 17, 22, 24]
[6, 12, 12, 17, 20]
[5, 14, 15, 22, 23]
[1, 4, 6, 12, 17]
[4, 15, 17, 20, 23]
[1, 3, 10, 19, 28]
[2, 3, 5, 8, 13]
[5, 12, 18, 20, 25]
[6, 13, 15, 17, 21]
[7, 14, 20, 20, 26]
[17, 21, 22, 23, 26]
[2, 6, 12, 17, 21]
[5, 19, 20, 23, 23]
[1, 1, 1, 3, 14]
[5, 21, 22, 24, 26]
[11, 18, 19, 26, 28]
[16, 16, 18, 22, 23]
[10, 17, 18, 23, 28]
[4, 6, 10, 13, 28]
[11, 15, 21, 26, 26]
[4, 6, 8, 9, 10]
[4, 13, 15, 15, 22]
[14, 19, 21, 24, 26]
[7, 8, 13, 25, 26]
[1, 7, 10, 21, 23]
[15, 18, 20, 21, 27]
[2, 4, 17, 18, 21]
[3, 5, 8, 16, 22]
[8, 16, 21, 24, 26]
[3, 13, 14, 21, 27]
[1, 15, 16, 25, 25]
[4, 5, 14, 21, 26]
[1, 5, 7, 13, 27]
[13, 14, 25, 25, 28]
[16, 22, 23, 24, 28]
[1, 7, 17, 21, 27]
[1, 8, 20, 23, 27]
[2, 10, 11, 21, 27]
[6, 10, 11, 18, 21]
[4, 10, 13, 16, 21]
[7, 14, 17, 18, 26]
[5, 6, 15, 22, 26]
[3, 7, 7, 24, 28]
[1, 5, 10, 23, 24]
[7, 9, 12, 18, 21]
[2, 4, 16, 17, 19]
[16, 20, 23, 25, 26]
[1, 2, 6, 13, 24]
[5, 8, 9, 10, 27]
[2, 8, 11, 12, 12]
[10, 17, 19, 20, 23]
[16, 22, 23, 27, 27]
[5, 20, 20, 23, 28]
[2, 4, 5, 23, 27]
[10, 14, 26, 27, 28]
[1, 6, 7, 16, 23]
[1, 4, 12, 17, 27]
[5, 13, 14, 18, 21]
[1, 3, 7, 12, 17]
[15, 18, 20, 20, 24]
[3, 6, 13, 18, 21]
[8, 9, 11, 24, 28]
[2, 10, 10, 17, 21]
[2, 11, 14, 19, 27]
[1, 6, 10, 18, 22]
[4, 6, 7, 9, 12]
[9, 10, 11, 20, 25]
[6, 7, 12, 12, 21]
[5, 8, 10, 12, 20]
[1, 4, 7, 11, 15]
[7, 13, 14, 19, 24]
[7, 7, 12, 14, 22]
[5, 6, 6, 18, 28]
[12, 13, 15, 28, 28]
[14, 15, 15, 21, 25]
[11, 14, 15, 15, 26]
[11, 14, 18, 21, 21]
[4, 10, 12, 20, 22]
[8, 9, 12, 17, 18]
[4, 8, 13, 16, 27]
[14, 15, 19, 25, 25]
[2, 4, 5, 8, 23]
[3, 12, 15, 15, 17]
[5, 10, 16, 23, 25]
[5, 8, 20, 23, 28]
[2, 11, 14, 19, 20]
[7, 10, 12, 14, 28]
[5, 12, 20, 23, 26]
[2, 7, 13, 23, 28]
[1, 1, 2, 9, 28]
[13, 14, 16, 19, 27]
[2, 13, 22, 24, 24]
[18, 19, 25, 26, 26]
[4, 11, 17, 23, 27]
[2, 5, 14, 17, 27]
[4, 5, 6, 21, 25]
[10, 13, 20, 24, 28]
[7, 11, 13, 13, 21]
[4, 7, 13, 23, 23]
[4, 17, 24, 24, 28]
[3, 9, 13, 20, 21]
[1, 4, 11, 12, 24]
[2, 5, 8, 11, 19]
[7, 8, 10, 12, 16]
[2, 7, 12, 18, 21]
[5, 7, 7, 16, 21]
[7, 11, 19, 23, 24]
[4, 7, 12, 13, 25]
[12, 20, 20, 23, 28]
[2, 3, 3, 10, 15]
[10, 12, 13, 19, 24]
[3, 10, 12, 18, 19]
[3, 6, 21, 21, 22]
[1, 5, 9, 13, 25]
[4, 7, 8, 11, 16]
[1, 5, 8, 11, 25]
[7, 11, 16, 25, 27]
[13, 16, 19, 23, 28]
[1, 5, 5, 11, 16]
[4, 4, 6, 7, 28]
[11, 11, 13, 17, 19]
[4, 6, 19, 19, 28]
[4, 13, 15, 18, 28]
[4, 8, 8, 19, 25]
[2, 8, 8, 10, 15]
[12, 12, 15, 23, 23]
[2, 10, 16, 21, 23]
[8, 17, 19, 24, 27]
[4, 5, 7, 11, 20]
[4, 8, 13, 17, 24]
[10, 13, 17, 25, 27]
[7, 9, 11, 17, 24]
[2, 5, 8, 12, 15]
[5, 8, 14, 18, 24]
[7, 9, 21, 23, 28]
[10, 13, 21, 21, 23]
[9, 11, 11, 19, 23]
[2, 5, 9, 14, 26]
[2, 3, 4, 11, 24]
[2, 6, 12, 14, 19]
[7, 14, 16, 17, 27]
[2, 12, 20, 24, 26]
[1, 3, 6, 20, 22]
[7, 13, 13, 15, 24]
[14, 17, 18, 18, 18]
[2, 9, 11, 17, 26]
[4, 17, 19, 25, 26]
[12, 13, 17, 18, 28]
[3, 10, 11, 17, 23]
[3, 11, 18, 19, 24]
[4, 6, 6, 8, 25]
[1, 7, 13, 19, 27]
[8, 8, 15, 20, 22]
[1, 5, 9, 17, 21]
[2, 15, 22, 25, 25]
[7, 11, 13, 16, 21]
[2, 5, 8, 25, 27]
[6, 8, 10, 13, 21]
[5, 11, 16, 22, 24]
[21, 22, 23, 26, 28]
[20, 23, 24, 24, 25]
[8, 12, 14, 21, 24]
[5, 9, 13, 23, 23]
[5, 9, 13, 28, 28]
[6, 13, 19, 27, 28]
[6, 14, 19, 26, 28]
[4, 6, 12, 12, 18]
[5, 9, 17, 22, 27]
[2, 19, 22, 28, 28]
[5, 7, 14, 15, 18]
[6, 15, 17, 20, 26]
[2, 13, 13, 15, 24]
[9, 9, 9, 15, 19]
[1, 10, 11, 13, 26]
[2, 9, 10, 14, 26]
[4, 6, 7, 9, 26]
[3, 4, 6, 10, 22]
[8, 12, 19, 23, 25]
[9, 17, 22, 22, 25]
[6, 8, 13, 23, 28]
[5, 6, 8, 10, 21]
[4, 10, 25, 27, 27]
[8, 14, 23, 24, 27]
[7, 9, 17, 23, 27]
[3, 7, 14, 15, 17]
[8, 13, 16, 19, 23]
[10, 13, 14, 23, 28]
[10, 11, 13, 17, 23]
[1, 10, 19, 23, 26]
[1, 1, 6, 13, 15]
[9, 10, 14, 20, 26]
[11, 12, 15, 16, 16]
[1, 8, 10, 18, 21]
[3, 5, 12, 14, 21]
[1, 2, 5, 16, 16]
[3, 5, 20, 22, 27]
[2, 5, 9, 11, 26]
[6, 9, 12, 13, 26]
[4, 6, 8, 12, 17]
[5, 11, 14, 19, 22]
[15, 17, 18, 22, 26]
[6, 10, 14, 28, 28]
[4, 19, 20, 25, 25]
[5, 7, 14, 18, 28]
[9, 12, 13, 15, 17]
[5, 6, 17, 23, 24]
[15, 16, 23, 25, 28]
[1, 11, 21, 24, 25]
[5, 7, 8, 16, 27]
[4, 5, 7, 9, 17]
[12, 15, 19, 21, 27]
[7, 14, 19, 25, 28]
[2, 6, 10, 22, 27]
[5, 7, 14, 18, 28]
[6, 8, 11, 16, 27]
[8, 9, 11, 18, 24]
[5, 19, 20, 21, 23]
[4, 5, 15, 18, 22]
[7, 11, 12, 13, 20]
[25, 26, 27, 27, 28]
[7, 11, 17, 23, 25]
[6, 11, 21, 21, 27]
[1, 16, 18, 22, 27]
[5, 13, 19, 21, 21]
[11, 13, 23, 24, 25]
[2, 6, 8, 22, 28]
[6, 7, 21, 24, 27]
[10, 10, 13, 22, 26]
[7, 7, 7, 17, 25]
[8, 11, 15, 16, 27]
[3, 6, 9, 18, 20]
[1, 6, 13, 17, 28]
[16, 17, 21, 21, 22]
[9, 9, 13, 25, 28]
[1, 9, 10, 18, 27]
[3, 8, 13, 25, 26]
[1, 4, 8, 19, 22]
[1, 3, 12, 13, 24]
[2, 10, 12, 18, 20]
[11, 12, 23, 24, 28]
[10, 12, 12, 13, 21]
[4, 13, 25, 26, 27]
[3, 9, 13, 17, 20]
[1, 2, 14, 23, 27]
[3, 8, 9, 12, 14]
[8, 8, 14, 19, 28]
[16, 19, 21, 26, 27]
[1, 4, 11, 13, 18]
[6, 7, 13, 22, 26]
[3, 5, 8, 17, 24]
[5, 9, 10, 12, 24]
[10, 13, 13, 17, 27]
[8, 14, 21, 26, 28]
[11, 13, 19, 21, 24]
[10, 16, 18, 20, 28]
[3, 15, 16, 19, 25]
[9, 19, 21, 27, 28]
[1, 1, 1, 8, 28]
[7, 14, 23, 26, 27]
[6, 7, 7, 9, 21]
[2, 5, 14, 18, 22]
[14, 14, 17, 19, 20]
[9, 24, 27, 28, 28]
[1, 12, 17, 22, 24]
[2, 3, 5, 13, 16]
[3, 3, 4, 8, 17]
[2, 17, 21, 26, 27]
[4, 5, 5, 15, 20]
[9, 12, 19, 25, 28]
[3, 7, 9, 23, 25]
[4, 13, 17, 22, 22]
[6, 6, 6, 12, 12]
[3, 5, 10, 28, 28]
[2, 6, 7, 22, 23]
[19, 20, 22, 22, 26]
[2, 9, 12, 13, 27]
[7, 10, 12, 12, 20]
[1, 3, 9, 14, 15]
[2, 16, 17, 24, 25]
[2, 6, 10, 15, 21]
[4, 16, 16, 21, 24]
[2, 13, 25, 27, 28]
[1, 3, 19, 20, 25]
[3, 4, 15, 16, 26]
[15, 23, 24, 26, 28]
[6, 8, 16, 17, 18]
[5, 8, 12, 16, 17]
[1, 16, 20, 23, 26]
[3, 4, 4, 16, 17]
[1, 6, 7, 19, 22]
[6, 6, 10, 18, 24]
[3, 6, 10, 14, 22]
[7, 13, 13, 14, 16]
[3, 14, 14, 15, 27]
[2, 7, 7, 7, 23]
[1, 8, 15, 23, 27]
[5, 5, 8, 20, 23]
[4, 5, 10, 19, 28]
[3, 3, 20, 25, 27]
[2, 3, 4, 24, 27]
[4, 12, 12, 13, 20]
[11, 13, 16, 27, 27]
[3, 6, 6, 22, 25]
[2, 6, 14, 24, 26]
[3, 13, 19, 21, 28]
[6, 9, 13, 16, 22]
[1, 1, 2, 3, 16]
[13, 16, 19, 27, 28]
[8, 9, 11, 19, 20]
[5, 9, 10, 24, 25]
[1, 8, 11, 21, 22]
[3, 3, 16, 18, 22]
[4, 6, 12, 23, 27]
[17, 23, 23, 26, 28]
[8, 15, 17, 20, 20]
[9, 12, 24, 26, 27]
[10, 15, 18, 25, 27]
[1, 17, 23, 26, 27]
[7, 11, 12, 21, 22]
[2, 3, 4, 7, 22]
[1, 6, 11, 20, 22]
[12, 13, 14, 18, 22]
[2, 5, 11, 11, 27]
[5, 6, 13, 17, 21]
[3, 6, 13, 16, 20]
[5, 13, 17, 19, 24]
[20, 21, 22, 24, 25]
[2, 3, 11, 12, 21]
[3, 5, 12, 18, 24]
[8, 15, 17, 22, 25]
[1, 10, 11, 20, 25]
[7, 8, 20, 26, 28]
[4, 14, 15, 22, 27]
[5, 6, 12, 14, 16]
[7, 19, 21, 24, 25]
[1, 2, 7, 10, 21]
[14, 16, 20, 28, 28]
[2, 2, 9, 15, 16]
[3, 9, 10, 11, 19]
[1, 8, 13, 15, 28]
[8, 9, 13, 21, 25]
[5, 5, 16, 19, 26]
[9, 16, 17, 19, 27]
[6, 12, 14, 17, 28]
[2, 5, 16, 16, 21]
[15, 16, 19, 25, 26]
[6, 12, 15, 17, 28]
[4, 4, 10, 20, 20]
[8, 20, 20, 26, 28]
[7, 15, 21, 26, 27]
[1, 3, 16, 21, 23]
[2, 6, 6, 14, 25]
[2, 11, 16, 17, 28]
[4, 22, 23, 23, 24]
[1, 3, 6, 14, 14]
[1, 4, 15, 18, 27]
[13, 18, 23, 26, 27]
[2, 20, 21, 25, 26]
[10, 18, 25, 26, 28]
[2, 6, 7, 15, 16]
[3, 13, 17, 21, 22]
[4, 11, 21, 24, 28]
[3, 8, 14, 21, 24]
[10, 14, 18, 18, 24]
[7, 13, 15, 22, 26]
[8, 23, 23, 24, 26]
[8, 12, 16, 26, 28]
[3, 5, 14, 15, 22]
[4, 10, 13, 17, 22]
[1, 4, 7, 22, 26]
[5, 9, 15, 22, 25]
[4, 9, 10, 16, 27]
[1, 5, 8, 19, 21]
[4, 10, 17, 18, 19]
[3, 6, 19, 21, 24]
[2, 11, 13, 13, 16]
[7, 7, 15, 15, 26]
[15, 15, 17, 17, 26]
[1, 9, 22, 27, 28]
[1, 7, 19, 22, 22]
[3, 6, 11, 21, 28]
[1, 7, 21, 23, 23]
[10, 13, 14, 26, 27]
[7, 10, 10, 12, 13]
[5, 8, 9, 22, 24]
[11, 14, 15, 18, 27]
[5, 6, 21, 24, 27]
[9, 16, 19, 21, 21]
[5, 15, 18, 20, 27]
[12, 13, 18, 19, 23]
[1, 2, 2, 19, 26]
[10, 15, 17, 21, 26]
[5, 8, 8, 22, 23]
[8, 12, 15, 16, 19]
[3, 3, 3, 3, 14]
[9, 11, 14, 22, 25]
[9, 9, 16, 19, 20]
[2, 14, 21, 24, 28]
[7, 8, 10, 16, 16]
[2, 3, 13, 16, 27]
[10, 11, 21, 26, 26]
[1, 23, 24, 25, 25]
[10, 12, 14, 16, 22]
[4, 8, 16, 21, 25]
[6, 9, 14, 15, 24]
[13, 13, 15, 23, 27]
[5, 5, 10, 17, 19]
[6, 14, 16, 20, 20]
[13, 19, 19, 24, 28]
[2, 5, 15, 21, 25]
[3, 6, 9, 25, 28]
[3, 8, 10, 11, 24]
[4, 14, 15, 15, 27]
[3, 7, 7, 20, 26]
[7, 12, 22, 24, 27]
[5, 6, 20, 24, 26]
[4, 5, 6, 9, 21]
[1, 9, 13, 16, 20]
[5, 10, 13, 22, 22]
[1, 2, 5, 13, 14]
[9, 9, 25, 26, 28]
[8, 10, 18, 22, 25]
[5, 11, 12, 19, 24]
[9, 11, 20, 20, 25]
[2, 11, 19, 19, 20]
[7, 13, 14, 20, 21]
[9, 11, 21, 22, 27]
[6, 16, 16, 28, 28]
[5, 23, 24, 25, 25]
[7, 12, 18, 25, 28]
[4, 6, 16, 24, 25]
[1, 14, 14, 21, 26]
[10, 12, 12, 14, 24]
[6, 7, 12, 23, 26]
[5, 14, 17, 23, 24]
[3, 7, 9, 19, 23]
[12, 16, 21, 26, 27]
[1, 2, 2, 27, 27]
[1, 13, 20, 23, 28]
[1, 4, 13, 19, 25]
[1, 4, 5, 11, 24]
[11, 13, 17, 21, 27]
[2, 6, 11, 24, 24]
[3, 14, 15, 23, 26]
[4, 4, 12, 13, 23]
[6, 21, 22, 22, 28]
[3, 3, 14, 17, 23]
[5, 8, 15, 18, 28]
[4, 5, 8, 17, 19]
[5, 9, 12, 14, 18]
[4, 5, 11, 18, 26]
[3, 6, 8, 8, 26]
[17, 17, 18, 25, 25]
[4, 7, 9, 10, 24]
[14, 20, 22, 27, 28]
[5, 7, 17, 21, 27]
[2, 4, 4, 19, 21]
[5, 13, 18, 24, 24]
[9, 11, 19, 26, 27]
[7, 17, 18, 26, 27]
[10, 17, 22, 22, 24]
[1, 2, 4, 13, 22]
[1, 3, 4, 14, 18]
[6, 10, 11, 12, 24]
[5, 15, 20, 23, 23]
[2, 9, 9, 16, 16]
[9, 12, 13, 14, 28]
[2, 2, 2, 17, 17]
[8, 11, 13, 13, 23]
[3, 13, 14, 14, 25]
[11, 14, 17, 19, 28]
[5, 8, 10, 12, 21]
[6, 7, 17, 21, 22]
[2, 2, 3, 20, 25]
[6, 11, 13, 23, 26]
[4, 8, 8, 10, 10]
[10, 10, 12, 19, 24]
[3, 5, 8, 9, 22]
[4, 6, 11, 20, 24]
[3, 4, 6, 6, 15]
[1, 2, 4, 17, 26]
[12, 17, 18, 19, 24]
[2, 15, 17, 22, 26]
[1, 11, 18, 24, 24]
[1, 9, 17, 20, 21]
[15, 16, 19, 19, 27]
[1, 5, 10, 22, 22]
[6, 11, 16, 19, 28]
[4, 7, 19, 21, 25]
[3, 8, 14, 16, 17]
[1, 11, 19, 21, 22]
[1, 7, 10, 12, 16]
[7, 10, 11, 26, 28]
[5, 6, 11, 19, 25]
[1, 5, 13, 18, 21]
[7, 11, 11, 12, 17]
[2, 14, 14, 21, 27]
[1, 10, 10, 14, 19]
[8, 20, 26, 26, 28]
[2, 11, 14, 15, 15]
[4, 8, 15, 19, 21]
[3, 14, 18, 28, 28]
[2, 8, 14, 22, 23]
[2, 6, 13, 14, 24]
[8, 10, 13, 14, 16]
[4, 5, 17, 19, 21]
[6, 12, 13, 17, 21]
[2, 23, 24, 26, 28]
[1, 1, 20, 27, 28]
[4, 5, 19, 21, 25]
[2, 3, 13, 16, 23]
[7, 10, 14, 16, 16]
[2, 4, 7, 17, 21]
[15, 16, 21, 28, 28]
[11, 13, 17, 17, 23]
[6, 7, 11, 21, 27]
[1, 5, 15, 18, 20]
[11, 17, 19, 27, 28]
[10, 10, 18, 25, 27]
[10, 24, 25, 26, 27]
[5, 11, 12, 24, 27]
[5, 7, 8, 14, 28]
[3, 9, 18, 25, 25]
[4, 5, 11, 20, 20]
[1, 9, 15, 19, 24]
[4, 6, 9, 9, 19]
[8, 9, 20, 21, 22]
[7, 18, 18, 22, 27]
[4, 5, 11, 19, 21]
[11, 18, 19, 19, 22]
[7, 12, 14, 17, 26]
[3, 11, 13, 15, 20]
[12, 15, 17, 17, 27]
[1, 11, 17, 26, 27]
[7, 7, 15, 16, 18]
[2, 19, 20, 24, 25]
[1, 4, 7, 12, 13]
[6, 8, 10, 17, 27]
[1, 7, 10, 13, 24]
[5, 15, 18, 18, 28]
[1, 2, 3, 17, 21]
[7, 10, 14, 16, 17]
[2, 12, 12, 22, 26]
[2, 8, 12, 18, 20]
[4, 11, 19, 26, 27]
[8, 9, 15, 19, 26]
[4, 6, 14, 16, 16]
[19, 21, 22, 22, 25]
[1, 2, 3, 11, 19]
[7, 10, 11, 13, 19]
[8, 17, 20, 26, 26]
[1, 10, 13, 18, 22]
[1, 8, 19, 21, 23]
[7, 8, 14, 16, 17]
[5, 7, 7, 12, 14]
[7, 12, 22, 23, 25]
[2, 4, 5, 21, 25]
[15, 18, 18, 22, 22]
[3, 14, 20, 25, 26]
[12, 16, 18, 21, 22]
[1, 3, 4, 9, 19]
[1, 1, 12, 20, 25]
[5, 12, 16, 16, 23]
[4, 5, 11, 15, 21]
[1, 7, 23, 26, 28]
[2, 5, 8, 13, 26]
[6, 20, 22, 22, 26]
[2, 8, 9, 18, 27]
[7, 8, 9, 14, 21]
[1, 3, 5, 20, 25]
[9, 10, 16, 19, 26]
[10, 13, 17, 22, 24]
[10, 20, 26, 26, 28]
[1, 4, 5, 22, 22]
[1, 11, 13, 13, 17]
[9, 12, 18, 21, 22]
[5, 17, 23, 24, 27]
[14, 17, 18, 22, 26]
[3, 8, 8, 15, 23]
[4, 7, 10, 20, 28]
[1, 12, 15, 18, 22]
[1, 6, 16, 19, 20]
[5, 8, 10, 17, 18]
[6, 12, 14, 18, 20]
[2, 7, 7, 17, 28]
[8, 12, 16, 19, 22]
[2, 2, 5, 5, 10]
[4, 9, 18, 19, 22]
[1, 7, 12, 16, 23]
[4, 6, 7, 24, 27]
[1, 6, 9, 18, 23]
[3, 3, 4, 21, 24]
[8, 10, 15, 19, 24]
[1, 1, 2, 26, 28]
[1, 1, 6, 8, 23]
[2, 4, 23, 26, 26]
[1, 2, 8, 16, 22]
[16, 20, 20, 23, 26]
[4, 13, 15, 17, 19]
[16, 18, 23, 26, 26]
[3, 5, 9, 16, 21]
[4, 14, 24, 25, 28]
[5, 8, 9, 11, 11]
[3, 4, 8, 14, 14]
[2, 2, 8, 9, 26]
[2, 7, 17, 18, 25]
[7, 8, 15, 18, 25]
[4, 8, 19, 25, 26]
[4, 6, 8, 25, 27]
[12, 14, 22, 24, 25]
[4, 7, 21, 27, 28]
[2, 4, 14, 20, 25]
[5, 6, 10, 10, 23]
[1, 3, 7, 25, 27]
[5, 6, 12, 13, 25]
[3, 5, 8, 25, 28]
[1, 15, 25, 26, 28]
[11, 20, 24, 28, 28]
[15, 18, 18, 20, 27]
[1, 14, 15, 15, 21]
[2, 16, 18, 23, 26]
[4, 10, 13, 16, 22]
[2, 3, 8, 17, 21]
[5, 15, 17, 19, 26]
[1, 11, 15, 27, 28]
[6, 14, 15, 24, 25]
[4, 14, 15, 26, 28]
[1, 2, 10, 14, 19]
[2, 3, 4, 10, 15]
[13, 21, 21, 26, 27]
[3, 14, 15, 15, 17]
[9, 10, 12, 26, 28]
[7, 7, 10, 11, 13]
[4, 10, 11, 20, 23]
[1, 2, 10, 22, 26]
[1, 5, 8, 19, 28]
[1, 7, 18, 21, 28]
[4, 8, 9, 18, 19]
[7, 13, 18, 26, 28]
[1, 2, 12, 13, 14]
[9, 11, 19, 19, 23]
[12, 13, 19, 21, 25]
[4, 10, 14, 16, 24]
[9, 17, 26, 26, 28]
[4, 9, 10, 24, 27]
[9, 9, 12, 13, 13]
[1, 4, 9, 10, 16]
[5, 9, 9, 9, 13]
[1, 2, 8, 12, 21]
[3, 10, 15, 24, 27]
[6, 9, 11, 15, 25]
[5, 10, 14, 17, 23]
[3, 9, 16, 22, 28]
[13, 15, 17, 19, 27]
[6, 10, 22, 24, 25]
[6, 7, 12, 25, 27]
[8, 11, 12, 20, 22]
[2, 7, 11, 25, 25]
[1, 3, 6, 11, 22]
[3, 12, 13, 14, 24]
[1, 1, 5, 11, 18]
[14, 17, 20, 25, 28]
[3, 4, 16, 16, 18]
[8, 10, 11, 12, 21]
[9, 20, 26, 27, 28]
[1, 7, 14, 14, 27]
[2, 3, 19, 21, 22]
[3, 11, 15, 16, 16]
[2, 3, 8, 8, 21]
[10, 13, 19, 22, 24]
[10, 14, 20, 22, 25]
[6, 17, 22, 25, 26]
[3, 4, 22, 26, 27]
[6, 13, 14, 20, 28]
[5, 12, 16, 16, 24]
[18, 22, 25, 26, 28]
[1, 8, 8, 13, 16]
[10, 16, 17, 24, 24]
[8, 11, 19, 20, 25]
[16, 18, 24, 24, 28]
[1, 1, 12, 13, 16]
[6, 11, 11, 13, 15]
[3, 4, 12, 13, 25]
[12, 17, 17, 17, 22]
[6, 6, 9, 17, 27]
[3, 6, 9, 24, 25]
[8, 15, 15, 28, 28]
[2, 5, 23, 24, 26]
[7, 8, 9, 17, 18]
[3, 5, 8, 10, 27]
[8, 11, 12, 19, 27]
[3, 7, 8, 12, 17]
[3, 7, 8, 19, 20]
[1, 3, 8, 9, 17]
[3, 4, 12, 13, 15]
[2, 7, 7, 11, 13]
[4, 6, 24, 25, 27]
[6, 10, 17, 22, 26]
[4, 8, 10, 25, 26]
[1, 4, 8, 17, 19]
[1, 7, 12, 25, 26]
[4, 10, 17, 21, 24]
[2, 17, 21, 24, 24]
[11, 11, 12, 19, 20]
[1, 5, 11, 12, 28]
[3, 3, 3, 18, 28]
[2, 6, 9, 15, 16]
[2, 2, 8, 15, 25]
[17, 19, 26, 27, 28]
[2, 3, 4, 6, 20]
[2, 4, 12, 21, 28]
[2, 6, 12, 12, 24]
[4, 16, 24, 26, 27]
[1, 22, 25, 25, 26]
[3, 5, 7, 17, 24]
[3, 9, 15, 21, 23]
[6, 6, 12, 21, 22]
[1, 6, 20, 21, 24]
[5, 8, 13, 17, 28]
[5, 9, 13, 24, 25]
[6, 16, 20, 26, 28]
[6, 9, 11, 12, 17]
[2, 8, 13, 22, 27]
[2, 5, 6, 9, 14]
[1, 1, 5, 9, 14]
[7, 16, 18, 19, 21]
[2, 5, 13, 23, 25]
[1, 7, 13, 19, 24]
[4, 7, 13, 13, 19]
[15, 16, 17, 26, 26]
[12, 17, 17, 18, 25]
[8, 9, 15, 24, 25]
[4, 17, 18, 18, 24]
[6, 11, 14, 17, 25]
[5, 9, 10, 19, 27]
[1, 8, 11, 16, 25]
[4, 8, 27, 28, 28]
[5, 8, 12, 22, 23]
[1, 14, 19, 21, 22]
[5, 12, 17, 20, 24]
[14, 21, 22, 28, 28]
[1, 3, 4, 14, 19]
[1, 2, 8, 13, 24]
[2, 10, 21, 26, 26]
[2, 3, 17, 23, 25]
[9, 15, 18, 21, 23]
[3, 5, 11, 14, 19]
[6, 9, 20, 21, 21]
[5, 7, 11, 15, 16]
[5, 7, 10, 15, 16]
[6, 9, 15, 21, 22]
[9, 12, 14, 24, 25]
[7, 7, 21, 22, 28]
[4, 4, 5, 8, 8]
[2, 13, 13, 19, 25]
[1, 6, 9, 11, 24]
[4, 8, 12, 13, 28]
[4, 6, 12, 14, 17]
